0, 15, 30, 45, 60, 75, 90, 105, 120, 135, 150, 
165, 180, 195, 210, 225, 240, 255, 270, 285, 300, 315, 
330, 345, 360, 375, 390, 405, 420, 435, 450, 465, 480, 
495, 510, 525, 540, 555, 570, 585, 600, 615, 630, 645, 
660, 675, 690, 705, 720, 735, 750, 765, 780, 795, 810, 
825, 840, 855, 870, 885, 900, 915, 930, 945, 960, 975, 
990, 1005, 1020, 1035, 1050, 1065, 1080, 1095, 1110, 1125, 1140, 
1155, 1170, 1185, 1200, 1215, 1230, 1245, 1260, 1275, 1290, 1305, 
1320, 1335, 1350, 1365, 1380, 1395, 1410, 1425, 1440, 1455, 1470, 
1485, 1500, 1515, 1530, 1545, 1560, 1575, 1590, 1605, 1620, 1635, 
1650, 1665, 1680, 1695, 1710, 1725, 1740, 1755, 1770, 1785, 1800, 
1815, 1830, 1845, 1860, 1875, 1890, 1905, 1920, 1935, 1950, 1965, 
1980, 1995, 2010, 2025, 2040, 2055, 2070, 2085, 2100, 2115, 2130, 
2145, 2160, 2175, 2190, 2205, 2220, 2235, 2250, 2265, 2280, 2295, 
2310, 2325, 2340, 2355, 2370, 2385, 2400, 2415, 2430, 2445, 2460, 
2475, 2490, 2505, 2520, 2535, 2550, 2565, 2580, 2595, 2610, 2625, 
2640, 2655, 2670, 2685, 2700, 2715, 2730, 2745, 2760, 2775, 2790, 
2805, 2820, 2835, 2850, 2865, 2880, 2895, 2910, 2925, 2940, 2955, 
2970, 2985, 3000, 3015, 3030, 3045, 3060, 3075, 3090, 3105, 3120, 
3135, 3150, 3165, 3180, 3195, 3210, 3225, 3240, 3255, 3270, 3285, 
3300, 3315, 3330, 3345, 3360, 3375, 3390, 3405, 3420, 3435, 3450, 
3465, 3480, 3495, 3510, 3525, 3540, 3555, 3570, 3585, 3600, 3615, 
3630, 3645, 3660, 3675, 3690, 3705, 3720, 3735, 3750, 3765, 3780, 
3795, 3810, 3825, 3840, 3855, 3870, 3885, 3900, 3915, 3930, 3945, 
3960, 3975, 3990, 4005, 4020, 4035, 4050, 4065, 4080, 4095, 4110, 
4125, 4140, 4155, 4170, 4185, 4200, 4215, 4230, 4245, 4260, 4275, 
4290, 4305, 4320, 4335, 4350, 4365, 4380, 4395, 4410, 4425, 4440, 
4455, 4470, 4485, 4500, 4515, 4530, 4545, 4560, 4575, 4590, 4605, 
4620, 4635, 4650, 4665, 4680, 4695, 4710, 4725, 4740, 4755, 4770, 
4785, 4800, 4815, 4830, 4845, 4860, 4875, 4890, 4905, 4920, 4935, 
4950, 4965, 4980, 4995, 5010, 5025, 5040, 5055, 5070, 5085, 5100, 
5115, 5130, 5145, 5160, 5175, 5190, 5205, 5220, 5235, 5250, 5265, 
5280, 5295, 5310, 5325, 5340, 5355, 5370, 5385, 5400, 5415, 5430, 
5445, 5460, 5475, 5490, 5505, 5520, 5535, 5550, 5565, 5580, 5595, 
5610, 5625, 5640, 5655, 5670, 5685, 5700, 5715, 5730, 5745, 5760, 
5775, 5790, 5805, 5820, 5835, 5850, 5865, 5880, 5895, 5910, 5925, 
5940, 5955, 5970, 5985, 6000, 6015, 6030, 6045, 6060, 6075, 6090, 
6105, 6120, 6135, 6150, 6165, 6180, 6195, 6210, 6225, 6240, 6255, 
6270, 6285, 6300, 6315, 6330, 6345, 6360, 6375, 6390, 6405, 6420, 
6435, 6450, 6465, 6480, 6495, 6510, 6525, 6540, 6555, 6570, 6585, 
6600, 6615, 6630, 6645, 6660, 6675, 6690, 6705, 6720, 6735, 6750, 
6765, 6780, 6795, 6810, 6825, 6840, 6855, 6870, 6885, 6900, 6915, 
6930, 6945, 6960, 6975, 6990, 7005, 7020, 7035, 7050, 7065, 7080, 
7095, 7110, 7125, 7140, 7155, 7170, 7185, 7200, 7215, 7230, 7245, 
7260, 7275, 7290, 7305, 7320, 7335, 7350, 7365, 7380, 7395, 7410, 
7425, 7440, 7455, 7470, 7485, 7500, 7515, 7530, 7545, 7560, 7575, 
7590, 7605, 7620, 7635, 7650, 7665, 7680, 7695, 7710, 7725, 7740, 
7755, 7770, 7785, 7800, 7815, 7830, 7845, 7860, 7875, 7890, 7905, 
7920, 7935, 7950, 7965, 7980, 7995, 8010, 8025, 8040, 8055, 8070, 
8085, 8100, 8115, 8130, 8145, 8160, 8175, 8190, 8205, 8220, 8235, 
8250, 8265, 8280, 8295, 8310, 8325, 8340, 8355, 8370, 8385, 8400, 
8415, 8430, 8445, 8460, 8475, 8490, 8505, 8520, 8535, 8550, 8565, 
8580, 8595, 8610, 8625, 8640, 8655, 8670, 8685, 8700, 8715, 8730, 
8745, 8760, 8775, 8790, 8805, 8820, 8835, 8850, 8865, 8880, 8895, 
8910, 8925, 8940, 8955, 8970, 8985, 9000, 9015, 9030, 9045, 9060, 
9075, 9090, 9105, 9120, 9135, 9150, 9165, 9180, 9195, 9210, 9225, 
9240, 9255, 9270, 9285, 9300, 9315, 9330, 9345, 9360, 9375, 9390, 
9405, 9420, 9435, 9450, 9465, 9480, 9495, 9510, 9525, 9540, 9555, 
9570, 9585, 9600, 9615, 9630, 9645, 9660, 9675, 9690, 9705, 9720, 
9735, 9750, 9765, 9780, 9795, 9810, 9825, 9840, 9855, 9870, 9885, 
9900, 9915, 9930, 9945, 9960, 9975, 9990, 10005, 10020, 10035, 10050, 
10065, 10080, 10095, 10110, 10125, 10140, 10155, 10170, 10185, 10200, 10215, 
10230, 10245, 10260, 10275, 10290, 10305, 10320, 10335, 10350, 10365, 10380, 
10395, 10410, 10425, 10440, 10455, 10470, 10485, 10500, 10515, 10530, 10545, 
10560, 10575, 10590, 10605, 10620, 10635, 10650, 10665, 10680, 10695, 10710, 
10725, 10740, 10755, 10770, 10785, 10800, 10815, 10830, 10845, 10860, 10875, 
10890, 10905, 10920, 10935, 10950, 10965, 10980, 10995, 11010, 11025, 11040, 
11055, 11070, 11085, 11100, 11115, 11130, 11145, 11160, 11175, 11190, 11205, 
11220, 11235, 11250, 11265, 11280, 11295, 11310, 11325, 11340, 11355, 11370, 
11385, 11400, 11415, 11430, 11445, 11460, 11475, 11490, 11505, 11520, 11535, 
11550, 11565, 11580, 11595, 11610, 11625, 11640, 11655, 11670, 11685, 11700, 
11715, 11730, 11745, 11760, 11775, 11790, 11805, 11820, 11835, 11850, 11865, 
11880, 11895, 11910, 11925, 11940, 11955, 11970, 11985, 12000, 12015, 12030, 
12045, 12060, 12075, 12090, 12105, 12120, 12135, 12150, 12165, 12180, 12195, 
12210, 12225, 12240, 12255, 12270, 12285, 12300, 12315, 12330, 12345, 12360, 
12375, 12390, 12405, 12420, 12435, 12450, 12465, 12480, 12495, 12510, 12525, 
12540, 12555, 12570, 12585, 12600, 12615, 12630, 12645, 12660, 12675, 12690, 
12705, 12720, 12735, 12750, 12765, 12780, 12795, 12810, 12825, 12840, 12855, 
12870, 12885, 12900, 12915, 12930, 12945, 12960, 12975, 12990, 13005, 13020, 
13035, 13050, 13065, 13080, 13095, 13110, 13125, 13140, 13155, 13170, 13185, 
13200, 13215, 13230, 13245, 13260, 13275, 13290, 13305, 13320, 13335, 13350, 
13365, 13380, 13395, 13410, 13425, 13440, 13455, 13470, 13485, 13500, 13515, 
13530, 13545, 13560, 13575, 13590, 13605, 13620, 13635, 13650, 13665, 13680, 
13695, 13710, 13725, 13740, 13755, 13770, 13785, 13800, 13815, 13830, 13845, 
13860, 13875, 13890, 13905, 13920, 13935, 13950, 13965, 13980, 13995, 14010, 
14025, 14040, 14055, 14070, 14085, 14100, 14115, 14130, 14145, 14160, 14175, 
14190, 14205, 14220, 14235, 14250, 14265, 14280, 14295, 14310, 14325, 14340, 
14355, 14370, 14385, 14400, 14415, 14430, 14445, 14460, 14475, 14490, 14505, 
14520, 14535, 14550, 14565, 14580, 14595, 14610, 14625, 14640, 14655, 14670, 
14685, 14700, 14715, 14730, 14745, 14760, 14775, 14790, 14805, 14820, 14835, 
14850, 14865, 14880, 14895, 14910, 14925, 14940, 14955, 14970, 14985, 15000, 
15015, 15030, 15045, 15060, 15075, 15090, 15105, 15120, 15135, 15150, 15165, 
15180, 15195, 15210, 15225, 15240, 15255, 15270, 15285, 15300, 15315, 15330, 
15345, 15360, 15375, 15390, 15405, 15420, 15435, 15450, 15465, 15480, 15495, 
15510, 15525, 15540, 15555, 15570, 15585, 15600, 15615, 15630, 15645, 15660, 
15675, 15690, 15705, 15720, 15735, 15750, 15765, 15780, 15795, 15810, 15825, 
15840, 15855, 15870, 15885, 15900, 15915, 15930, 15945, 15960, 15975, 15990, 
16005, 16020, 16035, 16050, 16065, 16080, 16095, 16110, 16125, 16140, 16155, 
16170, 16185, 16200, 16215, 16230, 16245, 16260, 16275, 16290, 16305, 16320, 
16335, 16350, 16365, 16380, 16395, 16410, 16425, 16440, 16455, 16470, 16485, 
16500, 16515, 16530, 16545, 16560, 16575, 16590, 16605, 16620, 16635, 16650, 
16665, 16680, 16695, 16710, 16725, 16740, 16755, 16770, 16785, 16800, 16815, 
16830, 16845, 16860, 16875, 16890, 16905, 16920, 16935, 16950, 16965, 16980, 
16995, 17010, 17025, 17040, 17055, 17070, 17085, 17100, 17115, 17130, 17145, 
17160, 17175, 17190, 17205, 17220, 17235, 17250, 17265, 17280, 17295, 17310, 
17325, 17340, 17355, 17370, 17385, 17400, 17415, 17430, 17445, 17460, 17475, 
17490, 17505, 17520, 17535, 17550, 17565, 17580, 17595, 17610, 17625, 17640, 
17655, 17670, 17685, 17700, 17715, 17730, 17745, 17760, 17775, 17790, 17805, 
17820, 17835, 17850, 17865, 17880, 17895, 17910, 17925, 17940, 17955, 17970, 
17985, 18000, 18015, 18030, 18045, 18060, 18075, 18090, 18105, 18120, 18135, 
18150, 18165, 18180, 18195, 18210, 18225, 18240, 18255, 18270, 18285, 18300, 
18315, 18330, 18345, 18360, 18375, 18390, 18405, 18420, 18435, 18450, 18465, 
18480, 18495, 18510, 18525, 18540, 18555, 18570, 18585, 18600, 18615, 18630, 
18645, 18660, 18675, 18690, 18705, 18720, 18735, 18750, 18765, 18780, 18795, 
18810, 18825, 18840, 18855, 18870, 18885, 18900, 18915, 18930, 18945, 18960, 
18975, 18990, 19005, 19020, 19035, 19050, 19065, 19080, 19095, 19110, 19125, 
19140, 19155, 19170, 19185, 19200, 19215, 19230, 19245, 19260, 19275, 19290, 
19305, 19320, 19335, 19350, 19365, 19380, 19395, 19410, 19425, 19440, 19455, 
19470, 19485, 19500, 19515, 19530, 19545, 19560, 19575, 19590, 19605, 19620, 
19635, 19650, 19665, 19680, 19695, 19710, 19725, 19740, 19755, 19770, 19785, 
19800, 19815, 19830, 19845, 19860, 19875, 19890, 19905, 19920, 19935, 19950, 
19965, 19980, 19995, 20010, 20025, 20040, 20055, 20070, 20085, 20100, 20115, 
20130, 20145, 20160, 20175, 20190, 20205, 20220, 20235, 20250, 20265, 20280, 
20295, 20310, 20325, 20340, 20355, 20370, 20385, 20400, 20415, 20430, 20445, 
20460, 20475, 20490, 20505, 20520, 20535, 20550, 20565, 20580, 20595, 20610, 
20625, 20640, 20655, 20670, 20685, 20700, 20715, 20730, 20745, 20760, 20775, 
20790, 20805, 20820, 20835, 20850, 20865, 20880, 20895, 20910, 20925, 20940, 
20955, 20970, 20985, 21000, 21015, 21030, 21045, 21060, 21075, 21090, 21105, 
21120, 21135, 21150, 21165, 21180, 21195, 21210, 21225, 21240, 21255, 21270, 
21285, 21300, 21315, 21330, 21345, 21360, 21375, 21390, 21405, 21420, 21435, 
21450, 21465, 21480, 21495, 21510, 21525, 21540, 21555, 21570, 21585, 21600, 
21615, 21630, 21645, 21660, 21675, 21690, 21705, 21720, 21735, 21750, 21765, 
21780, 21795, 21810, 21825, 21840, 21855, 21870, 21885, 21900, 21915, 21930, 
21945, 21960, 21975, 21990, 22005, 22020, 22035, 22050, 22065, 22080, 22095, 
22110, 22125, 22140, 22155, 22170, 22185, 22200, 22215, 22230, 22245, 22260, 
22275, 22290, 22305, 22320, 22335, 22350, 22365, 22380, 22395, 22410, 22425, 
22440, 22455, 22470, 22485, 22500, 22515, 22530, 22545, 22560, 22575, 22590, 
22605, 22620, 22635, 22650, 22665, 22680, 22695, 22710, 22725, 22740, 22755, 
22770, 22785, 22800, 22815, 22830, 22845, 22860, 22875, 22890, 22905, 22920, 
22935, 22950, 22965, 22980, 22995, 23010, 23025, 23040, 23055, 23070, 23085, 
23100, 23115, 23130, 23145, 23160, 23175, 23190, 23205, 23220, 23235, 23250, 
23265, 23280, 23295, 23310, 23325, 23340, 23355, 23370, 23385, 23400, 23415, 
23430, 23445, 23460, 23475, 23490, 23505, 23520, 23535, 23550, 23565, 23580, 
23595, 23610, 23625, 23640, 23655, 23670, 23685, 23700, 23715, 23730, 23745, 
23760, 23775, 23790, 23805, 23820, 23835, 23850, 23865, 23880, 23895, 23910, 
23925, 23940, 23955, 23970, 23985, 24000, 24015, 24030, 24045, 24060, 24075, 
24090, 24105, 24120, 24135, 24150, 24165, 24180, 24195, 24210, 24225, 24240, 
24255, 24270, 24285, 24300, 24315, 24330, 24345, 24360, 24375, 24390, 24405, 
24420, 24435, 24450, 24465, 24480, 24495, 24510, 24525, 24540, 24555, 24570, 
24585, 24600, 24615, 24630, 24645, 24660, 24675, 24690, 24705, 24720, 24735, 
24750, 24765, 24780, 24795, 24810, 24825, 24840, 24855, 24870, 24885, 24900, 
24915, 24930, 24945, 24960, 24975, 24990, 25005, 25020, 25035, 25050, 25065, 
25080, 25095, 25110, 25125, 25140, 25155, 25170, 25185, 25200, 25215, 25230, 
25245, 25260, 25275, 25290, 25305, 25320, 25335, 25350, 25365, 25380, 25395, 
25410, 25425, 25440, 25455, 25470, 25485, 25500, 25515, 25530, 25545, 25560, 
25575, 25590, 25605, 25620, 25635, 25650, 25665, 25680, 25695, 25710, 25725, 
25740, 25755, 25770, 25785, 25800, 25815, 25830, 25845, 25860, 25875, 25890, 
25905, 25920, 25935, 25950, 25965, 25980, 25995, 26010, 26025, 26040, 26055, 
26070, 26085, 26100, 26115, 26130, 26145, 26160, 26175, 26190, 26205, 26220, 
26235, 26250, 26265, 26280, 26295, 26310, 26325, 26340, 26355, 26370, 26385, 
26400, 26415, 26430, 26445, 26460, 26475, 26490, 26505, 26520, 26535, 26550, 
26565, 26580, 26595, 26610, 26625, 26640, 26655, 26670, 26685, 26700, 26715, 
26730, 26745, 26760, 26775, 26790, 26805, 26820, 26835, 26850, 26865, 26880, 
26895, 26910, 26925, 26940, 26955, 26970, 26985, 27000, 27015, 27030, 27045, 
27060, 27075, 27090, 27105, 27120, 27135, 27150, 27165, 27180, 27195, 27210, 
27225, 27240, 27255, 27270, 27285, 27300, 27315, 27330, 27345, 27360, 27375, 
27390, 27405, 27420, 27435, 27450, 27465, 27480, 27495, 27510, 27525, 27540, 
27555, 27570, 27585, 27600, 27615, 27630, 27645, 27660, 27675, 27690, 27705, 
27720, 27735, 27750, 27765, 27780, 27795, 27810, 27825, 27840, 27855, 27870, 
27885, 27900, 27915, 27930, 27945, 27960, 27975, 27990, 28005, 28020, 28035, 
28050, 28065, 28080, 28095, 28110, 28125, 28140, 28155, 28170, 28185, 28200, 
28215, 28230, 28245, 28260, 28275, 28290, 28305, 28320, 28335, 28350, 28365, 
28380, 28395, 28410, 28425, 28440, 28455, 28470, 28485, 28500, 28515, 28530, 
28545, 28560, 28575, 28590, 28605, 28620, 28635, 28650, 28665, 28680, 28695, 
28710, 28725, 28740, 28755, 28770, 28785, 28800, 28815, 28830, 28845, 28860, 
28875, 28890, 28905, 28920, 28935, 28950, 28965, 28980, 28995, 29010, 29025, 
29040, 29055, 29070, 29085, 29100, 29115, 29130, 29145, 29160, 29175, 29190, 
29205, 29220, 29235, 29250, 29265, 29280, 29295, 29310, 29325, 29340, 29355, 
29370, 29385, 29400, 29415, 29430, 29445, 29460, 29475, 29490, 29505, 29520, 
29535, 29550, 29565, 29580, 29595, 29610, 29625, 29640, 29655, 29670, 29685, 
29700, 29715, 29730, 29745, 29760, 29775, 29790, 29805, 29820, 29835, 29850, 
29865, 29880, 29895, 29910, 29925, 29940, 29955, 29970, 29985, 30000, 30015, 
30030, 30045, 30060, 30075, 30090, 30105, 30120, 30135, 30150, 30165, 30180, 
30195, 30210, 30225, 30240, 30255, 30270, 30285, 30300, 30315, 30330, 30345, 
30360, 30375, 30390, 30405, 30420, 30435, 30450, 30465, 30480, 30495, 30510, 
30525, 30540, 30555, 30570, 30585, 30600, 30615, 30630, 30645, 30660, 30675, 
30690, 30705, 30720, 30735, 30750, 30765, 30780, 30795, 30810, 30825, 30840, 
30855, 30870, 30885, 30900, 30915, 30930, 30945, 30960, 30975, 30990, 31005, 
31020, 31035, 31050, 31065, 31080, 31095, 31110, 31125, 31140, 31155, 31170, 
31185, 31200, 31215, 31230, 31245, 31260, 31275, 31290, 31305, 31320, 31335, 
31350, 31365, 31380, 31395, 31410, 31425, 31440, 31455, 31470, 31485, 31500, 
31515, 31530, 31545, 31560, 31575, 31590, 31605, 31620, 31635, 31650, 31665, 
31680, 31695, 31710, 31725, 31740, 31755, 31770, 31785, 31800, 31815, 31830, 
31845, 31860, 31875, 31890, 31905, 31920, 31935, 31950, 31965, 31980, 31995, 
32010, 32025, 32040, 32055, 32070, 32085, 32100, 32115, 32130, 32145, 32160, 
32175, 32190, 32205, 32220, 32235, 32250, 32265, 32280, 32295, 32310, 32325, 
32340, 32355, 32370, 32385, 32400, 32415, 32430, 32445, 32460, 32475, 32490, 
32505, 32520, 32535, 32550, 32565, 32580, 32595, 32610, 32625, 32640, 32655, 
32670, 32685, 32700, 32715, 32730, 32745, 32760, 32775, 32790, 32805, 32820, 
32835, 32850, 32865, 32880, 32895, 32910, 32925, 32940, 32955, 32970, 32985, 
33000, 33015, 33030, 33045, 33060, 33075, 33090, 33105, 33120, 33135, 33150, 
33165, 33180, 33195, 33210, 33225, 33240, 33255, 33270, 33285, 33300, 33315, 
33330, 33345, 33360, 33375, 33390, 33405, 33420, 33435, 33450, 33465, 33480, 
33495, 33510, 33525, 33540, 33555, 33570, 33585, 33600, 33615, 33630, 33645, 
33660, 33675, 33690, 33705, 33720, 33735, 33750, 33765, 33780, 33795, 33810, 
33825, 33840, 33855, 33870, 33885, 33900, 33915, 33930, 33945, 33960, 33975, 
33990, 34005, 34020, 34035, 34050, 34065, 34080, 34095, 34110, 34125, 34140, 
34155, 34170, 34185, 34200, 34215, 34230, 34245, 34260, 34275, 34290, 34305, 
34320, 34335, 34350, 34365, 34380, 34395, 34410, 34425, 34440, 34455, 34470, 
34485, 34500, 34515, 34530, 34545, 34560, 34575, 34590, 34605, 34620, 34635, 
34650, 34665, 34680, 34695, 34710, 34725, 34740, 34755, 34770, 34785, 34800, 
34815, 34830, 34845, 34860, 34875, 34890, 34905, 34920, 34935, 34950, 34965, 
34980, 34995, 35010, 35025, 35040, 35055, 35070, 35085, 35100, 35115, 35130, 
35145, 35160, 35175, 35190, 35205, 35220, 35235, 35250, 35265, 35280, 35295, 
35310, 35325, 35340, 35355, 35370, 35385, 35400, 35415, 35430, 35445, 35460, 
35475, 35490, 35505, 35520, 35535, 35550, 35565, 35580, 35595, 35610, 35625, 
35640, 35655, 35670, 35685, 35700, 35715, 35730, 35745, 35760, 35775, 35790, 
35805, 35820, 35835, 35850, 35865, 35880, 35895, 35910, 35925, 35940, 35955, 
35970, 35985, 36000, 36015, 36030, 36045, 36060, 36075, 36090, 36105, 36120, 
36135, 36150, 36165, 36180, 36195, 36210, 36225, 36240, 36255, 36270, 36285, 
36300, 36315, 36330, 36345, 36360, 36375, 36390, 36405, 36420, 36435, 36450, 
36465, 36480, 36495, 36510, 36525, 36540, 36555, 36570, 36585, 36600, 36615, 
36630, 36645, 36660, 36675, 36690, 36705, 36720, 36735, 36750, 36765, 36780, 
36795, 36810, 36825, 36840, 36855, 36870, 36885, 36900, 36915, 36930, 36945, 
36960, 36975, 36990, 37005, 37020, 37035, 37050, 37065, 37080, 37095, 37110, 
37125, 37140, 37155, 37170, 37185, 37200, 37215, 37230, 37245, 37260, 37275, 
37290, 37305, 37320, 37335, 37350, 37365, 37380, 37395, 37410, 37425, 37440, 
37455, 37470, 37485, 37500, 37515, 37530, 37545, 37560, 37575, 37590, 37605, 
37620, 37635, 37650, 37665, 37680, 37695, 37710, 37725, 37740, 37755, 37770, 
37785, 37800, 37815, 37830, 37845, 37860, 37875, 37890, 37905, 37920, 37935, 
37950, 37965, 37980, 37995, 38010, 38025, 38040, 38055, 38070, 38085, 38100, 
38115, 38130, 38145, 38160, 38175, 38190, 38205, 38220, 38235, 38250, 38265, 
38280, 38295, 38310, 38325, 38340, 38355, 38370, 38385, 38400, 38415, 38430, 
38445, 38460, 38475, 38490, 38505, 38520, 38535, 38550, 38565, 38580, 38595, 
38610, 38625, 38640, 38655, 38670, 38685, 38700, 38715, 38730, 38745, 38760, 
38775, 38790, 38805, 38820, 38835, 38850, 38865, 38880, 38895, 38910, 38925, 
38940, 38955, 38970, 38985, 39000, 39015, 39030, 39045, 39060, 39075, 39090, 
39105, 39120, 39135, 39150, 39165, 39180, 39195, 39210, 39225, 39240, 39255, 
39270, 39285, 39300, 39315, 39330, 39345, 39360, 39375, 39390, 39405, 39420, 
39435, 39450, 39465, 39480, 39495, 39510, 39525, 39540, 39555, 39570, 39585, 
39600, 39615, 39630, 39645, 39660, 39675, 39690, 39705, 39720, 39735, 39750, 
39765, 39780, 39795, 39810, 39825, 39840, 39855, 39870, 39885, 39900, 39915, 
39930, 39945, 39960, 39975, 39990, 40005, 40020, 40035, 40050, 40065, 40080, 
40095, 40110, 40125, 40140, 40155, 40170, 40185, 40200, 40215, 40230, 40245, 
40260, 40275, 40290, 40305, 40320, 40335, 40350, 40365, 40380, 40395, 40410, 
40425, 40440, 40455, 40470, 40485, 40500, 40515, 40530, 40545, 40560, 40575, 
40590, 40605, 40620, 40635, 40650, 40665, 40680, 40695, 40710, 40725, 40740, 
40755, 40770, 40785, 40800, 40815, 40830, 40845, 40860, 40875, 40890, 40905, 
40920, 40935, 40950, 40965, 40980, 40995, 41010, 41025, 41040, 41055, 41070, 
41085, 41100, 41115, 41130, 41145, 41160, 41175, 41190, 41205, 41220, 41235, 
41250, 41265, 41280, 41295, 41310, 41325, 41340, 41355, 41370, 41385, 41400, 
41415, 41430, 41445, 41460, 41475, 41490, 41505, 41520, 41535, 41550, 41565, 
41580, 41595, 41610, 41625, 41640, 41655, 41670, 41685, 41700, 41715, 41730, 
41745, 41760, 41775, 41790, 41805, 41820, 41835, 41850, 41865, 41880, 41895, 
41910, 41925, 41940, 41955, 41970, 41985, 42000, 42015, 42030, 42045, 42060, 
42075, 42090, 42105, 42120, 42135, 42150, 42165, 42180, 42195, 42210, 42225, 
42240, 42255, 42270, 42285, 42300, 42315, 42330, 42345, 42360, 42375, 42390, 
42405, 42420, 42435, 42450, 42465, 42480, 42495, 42510, 42525, 42540, 42555, 
42570, 42585, 42600, 42615, 42630, 42645, 42660, 42675, 42690, 42705, 42720, 
42735, 42750, 42765, 42780, 42795, 42810, 42825, 42840, 42855, 42870, 42885, 
42900, 42915, 42930, 42945, 42960, 42975, 42990, 43005, 43020, 43035, 43050, 
43065, 43080, 43095, 43110, 43125, 43140, 43155, 43170, 43185, 43200, 43215, 
43230, 43245, 43260, 43275, 43290, 43305, 43320, 43335, 43350, 43365, 43380, 
43395, 43410, 43425, 43440, 43455, 43470, 43485, 43500, 43515, 43530, 43545, 
43560, 43575, 43590, 43605, 43620, 43635, 43650, 43665, 43680, 43695, 43710, 
43725, 43740, 43755, 43770, 43785, 43800, 43815, 43830, 43845, 43860, 43875, 
43890, 43905, 43920, 43935, 43950, 43965, 43980, 43995, 44010, 44025, 44040, 
44055, 44070, 44085, 44100, 44115, 44130, 44145, 44160, 44175, 44190, 44205, 
44220, 44235, 44250, 44265, 44280, 44295, 44310, 44325, 44340, 44355, 44370, 
44385, 44400, 44415, 44430, 44445, 44460, 44475, 44490, 44505, 44520, 44535, 
44550, 44565, 44580, 44595, 44610, 44625, 44640, 44655, 44670, 44685, 44700, 
44715, 44730, 44745, 44760, 44775, 44790, 44805, 44820, 44835, 44850, 44865, 
44880, 44895, 44910, 44925, 44940, 44955, 44970, 44985, 45000, 45015, 45030, 
45045, 45060, 45075, 45090, 45105, 45120, 45135, 45150, 45165, 45180, 45195, 
45210, 45225, 45240, 45255, 45270, 45285, 45300, 45315, 45330, 45345, 45360, 
45375, 45390, 45405, 45420, 45435, 45450, 45465, 45480, 45495, 45510, 45525, 
45540, 45555, 45570, 45585, 45600, 45615, 45630, 45645, 45660, 45675, 45690, 
45705, 45720, 45735, 45750, 45765, 45780, 45795, 45810, 45825, 45840, 45855, 
45870, 45885, 45900, 45915, 45930, 45945, 45960, 45975, 45990, 46005, 46020, 
46035, 46050, 46065, 46080, 46095, 46110, 46125, 46140, 46155, 46170, 46185, 
46200, 46215, 46230, 46245, 46260, 46275, 46290, 46305, 46320, 46335, 46350, 
46365, 46380, 46395, 46410, 46425, 46440, 46455, 46470, 46485, 46500, 46515, 
46530, 46545, 46560, 46575, 46590, 46605, 46620, 46635, 46650, 46665, 46680, 
46695, 46710, 46725, 46740, 46755, 46770, 46785, 46800, 46815, 46830, 46845, 
46860, 46875, 46890, 46905, 46920, 46935, 46950, 46965, 46980, 46995, 47010, 
47025, 47040, 47055, 47070, 47085, 47100, 47115, 47130, 47145, 47160, 47175, 
47190, 47205, 47220, 47235, 47250, 47265, 47280, 47295, 47310, 47325, 47340, 
47355, 47370, 47385, 47400, 47415, 47430, 47445, 47460, 47475, 47490, 47505, 
47520, 47535, 47550, 47565, 47580, 47595, 47610, 47625, 47640, 47655, 47670, 
47685, 47700, 47715, 47730, 47745, 47760, 47775, 47790, 47805, 47820, 47835, 
47850, 47865, 47880, 47895, 47910, 47925, 47940, 47955, 47970, 47985, 48000, 
48015, 48030, 48045, 48060, 48075, 48090, 48105, 48120, 48135, 48150, 48165, 
48180, 48195, 48210, 48225, 48240, 48255, 48270, 48285, 48300, 48315, 48330, 
48345, 48360, 48375, 48390, 48405, 48420, 48435, 48450, 48465, 48480, 48495, 
48510, 48525, 48540, 48555, 48570, 48585, 48600, 48615, 48630, 48645, 48660, 
48675, 48690, 48705, 48720, 48735, 48750, 48765, 48780, 48795, 48810, 48825, 
48840, 48855, 48870, 48885, 48900, 48915, 48930, 48945, 48960, 48975, 48990, 
49005, 49020, 49035, 49050, 49065, 49080, 49095, 49110, 49125, 49140, 49155, 
49170, 49185, 49200, 49215, 49230, 49245, 49260, 49275, 49290, 49305, 49320, 
49335, 49350, 49365, 49380, 49395, 49410, 49425, 49440, 49455, 49470, 49485, 
49500, 49515, 49530, 49545, 49560, 49575, 49590, 49605, 49620, 49635, 49650, 
49665, 49680, 49695, 49710, 49725, 49740, 49755, 49770, 49785, 49800, 49815, 
49830, 49845, 49860, 49875, 49890, 49905, 49920, 49935, 49950, 49965, 49980, 
49995, 50010, 50025, 50040, 50055, 50070, 50085, 50100, 50115, 50130, 50145, 
50160, 50175, 50190, 50205, 50220, 50235, 50250, 50265, 50280, 50295, 50310, 
50325, 50340, 50355, 50370, 50385, 50400, 50415, 50430, 50445, 50460, 50475, 
50490, 50505, 50520, 50535, 50550, 50565, 50580, 50595, 50610, 50625, 50640, 
50655, 50670, 50685, 50700, 50715, 50730, 50745, 50760, 50775, 50790, 50805, 
50820, 50835, 50850, 50865, 50880, 50895, 50910, 50925, 50940, 50955, 50970, 
50985, 51000, 51015, 51030, 51045, 51060, 51075, 51090, 51105, 51120, 51135, 
51150, 51165, 51180, 51195, 51210, 51225, 51240, 51255, 51270, 51285, 51300, 
51315, 51330, 51345, 51360, 51375, 51390, 51405, 51420, 51435, 51450, 51465, 
51480, 51495, 51510, 51525, 51540, 51555, 51570, 51585, 51600, 51615, 51630, 
51645, 51660, 51675, 51690, 51705, 51720, 51735, 51750, 51765, 51780, 51795, 
51810, 51825, 51840, 51855, 51870, 51885, 51900, 51915, 51930, 51945, 51960, 
51975, 51990, 52005, 52020, 52035, 52050, 52065, 52080, 52095, 52110, 52125, 
52140, 52155, 52170, 52185, 52200, 52215, 52230, 52245, 52260, 52275, 52290, 
52305, 52320, 52335, 
